==============================
Line Number: 0
Scale: 51.000000, Level: 16
Operation: 1
Children: []
Want:      [-6.000000, -6.000000, -6.000000, -6.000000, -6.000000, -6.000000, -6.000000, -6.000000, -6.000000, -6.000000, ...]
Decrypted: [-6.000000, -6.000000, -6.000000, -6.000000, -6.000000, -6.000000, -6.000000, -6.000000, -6.000000, -6.000000, ...]
Accuracy: 100.00%
==============================

==============================
Line Number: 1
Scale: 51.000000, Level: 29
Operation: 8
Children: [0]
Want:      [-6.000000, -6.000000, -6.000000, -6.000000, -6.000000, -6.000000, -6.000000, -6.000000, -6.000000, -6.000000, ...]
Decrypted: [-5.978337, -5.978337, -5.978337, -5.978337, -5.978337, -5.978337, -5.978337, -5.978337, -5.978337, -5.978337, ...]
Accuracy: 99.64%
==============================

